-0.6849435,0.0790696,-0.085717134
0.26999536,-0.08364444,-0.26267093
0.30725235,0.22495425,-0.03898807
-0.019480253,0.11490004,0.23217532
-0.68939996,-0.05730588,-0.19289091
0.9246076,-0.0657728,0.2198143
-0.23118822,0.046084404,-0.058024783
0.5056305,0.04768095,0.21163127
-0.70904505,-0.18666054,0.24726044
0.78488636,-0.003674975,-0.26100892
-0.26404053,0.19020444,-0.18749647
0.12058444,-0.017751351,0.16518193
-0.41550332,-0.02515829,0.11161459
0.4961685,0.05228299,-0.20751582
-0.02153488,0.21161419,-0.16487809
0.066205144,-0.02856546,-0.0075783012
-0.9865284,-0.09232432,0.0062216516
0.36761332,-0.024013838,0.04709928
0.6239078,-0.11845657,-0.020459048
0.68870765,0.09316493,0.0073032966
-0.34631443,0.19212832,0.17853175
-0.6333371,0.073084995,0.22510909
-0.34074703,-0.042571098,-0.2671313
-0.13466166,-0.11507696,0.113246314
-0.08592187,0.15289666,0.11814539
0.9456763,-0.06793566,-0.09153779
0.5886988,-0.18989664,-0.24699956
0.41027158,-0.04723401,0.20138758
-0.03755717,-0.119434334,-0.24756822
0.6488379,-0.15370174,0.27459028
-0.22151905,-0.10010079,0.25533208
-0.9576285,-0.06324088,-0.21275589
0.26062813,0.14263149,0.21816891
-0.6644834,-0.118301906,0.049186025
0.32802013,-0.076449536,-0.19731708
-0.90430635,0.00842292,0.22967401
0.576837,0.07305274,0.25282294
-0.47476897,0.14093037,-0.027725678
-0.08610956,-0.0382912,-0.26995993
0.5267393,-0.010668316,-0.054568563
-0.31811205,0.0063256198,0.0006658761
-0.50479656,0.08052447,-0.22998668
-0.09193598,0.04720218,-0.13079856
0.6026612,0.009406741,-0.17242014
-0.49512446,-0.117319256,-0.116295785
0.11804012,0.22397229,0.05261098
0.9054119,0.049042996,-0.06806719
0.32845005,0.122416705,-0.22918548
0.62778676,0.15686849,-0.14817591
-0.5004896,-0.119039305,0.24210243
-0.21055721,-0.11364866,-0.07024295
-0.07811306,-0.00025520072,0.15015449
-0.21060215,0.16821921,-0.20388207
0.06063032,-0.11236078,-0.030773183
-0.1533219,0.22317012,0.064346574
-0.27746364,0.133913,0.2215623
0.5192656,0.20748116,0.11363226
0.18938737,-0.045970306,0.26806244
-0.421314,-0.06304374,-0.09716185
0.39281708,-0.0906969,-0.036886666
-0.20228916,-0.022091435,0.09561045
0.19955875,0.20236418,-0.17853177
-0.9039878,0.056466844,-0.033026233
0.22077307,-0.114610314,0.098943844
0.7759783,-0.115557,0.10207245
-0.43137985,0.0019066855,-0.051219042
-0.8085693,-0.07192889,0.14812118
0.51862854,-0.02854543,-0.11767151
0.65885496,-0.007019221,0.18956786
0.41964373,-0.03966693,0.27392882
0.117358126,-0.015500943,-0.2025503
-0.17701021,0.034121543,0.20527245
0.45611513,-0.035130743,0.013958149
0.7714916,0.08905533,0.209895
-0.7921153,-0.14743291,-0.21955831
0.10210886,0.0374997,-0.2646202
-0.038530532,-0.07974307,0.26171532
-0.8127443,-0.11945584,-0.09984471
-0.2129403,-0.025862275,-0.21162444
0.24007526,0.21150866,0.16453609
-0.43382156,0.041536108,0.22028917
-0.79144794,0.06590151,0.117055945
0.050546676,-0.11581485,0.13586274
0.7694231,-0.115653045,-0.13995671
-0.03215716,0.03465425,0.033324722
-0.62758505,-0.027403811,0.14812118
-0.7879158,0.053998742,-0.22698802
0.48659116,0.035232577,0.1444288
-0.6530272,-0.04729924,0.25944656
0.47611296,0.19979057,-0.1766802
-0.32966012,0.2179662,-0.01377251
0.5525625,-0.11927645,0.16348964
0.64542985,0.02290527,-0.27332106
0.22106229,-0.11437229,-0.092422634
-0.51507837,0.108815774,-0.066808715
0.45548493,-0.08672313,-0.26717818
-0.06911543,-0.11601496,-0.14276874
0.047793854,0.076099284,0.24877003
0.9435952,-0.08596706,0.07408648
-0.6281928,-0.10415909,-0.25821936
0.38771963,0.19420364,0.18385
0.49048185,0.21580878,-0.05603897
-0.36266485,-0.11919671,-0.23757564
0.8938257,-0.103187576,-0.22446032
-0.278599,-0.06075868,0.21238168
0.75009555,0.0908854,-0.14754274
0.525173,-0.13289496,0.2072647
0.46020126,-0.014120431,-0.15865995
-0.32804015,-0.039990928,-0.10837461
0.110716924,-0.118915804,-0.23167312
-0.6186985,0.08557107,0.06349026
-0.98189706,-0.068522885,-0.1370675
0.6401732,0.09243603,-0.2401434
-0.37036815,0.106239215,-0.23277819
-0.053125642,-0.04570994,0.005002111
-0.07932415,-0.031513695,0.27196878
0.77445215,-0.10773559,0.24924
0.06455134,-0.029560711,-0.1505375
0.5493626,0.12513493,-0.093418464
-0.19509006,0.009924393,-0.13164862
-0.4892649,-0.116077095,0.0527167
0.40475696,0.040079188,-0.26624018
-0.95494246,-0.10488486,0.15928918
0.37792054,-0.11588686,0.085560896
-0.19104789,0.16697441,0.20394363
0.25152174,0.22525811,-0.033346616
-0.2619066,-0.10369751,0.08078132
-0.09361558,-0.11601701,0.14205939
0.3048595,-0.02900837,-0.080130205
-0.1407606,0.21043976,-0.16966575
-0.10444239,0.15704535,-0.118297815
-0.82138467,-0.05783228,-0.25010863
0.84474516,0.013003072,0.242122
-0.5387198,0.025636986,0.25974262
0.009219776,0.21728419,0.13236775
-0.21257585,0.08353778,0.095456846
-0.19374952,-0.08860693,-0.2599439
0.63359845,-0.11916955,-0.13762833
0.5455246,0.10616594,0.02841627
-0.6760179,-0.11945584,-0.106590465
0.5732893,-0.062140867,0.2583923
-0.5059622,0.11168056,0.12232338
-0.2015935,0.22352968,-0.05984879
-0.4407002,0.15051456,-0.15434615
0.90498394,0.04398857,0.09930341
0.6464089,0.13691068,0.14207795
0.17839523,-0.113612615,0.06836744
-0.8408099,-0.1197686,0.044047866
0.5608432,-0.06319283,-0.26068744
-0.4722833,-0.066697605,-0.26052916
0.24262641,0.032814607,0.26471594
0.6865053,-0.11364632,-0.24621692
-0.7573743,0.012918263,0.25715822
0.44314635,-0.0906969,-0.16346034
-0.63304204,0.04429733,-0.2541547
0.49046236,-0.084742,0.06433836
0.29389763,-0.11926941,0.22157012
-0.94609797,-0.0021745714,0.090665646
-0.72503,-0.084495775,0.19211999
0.88393277,-0.10512629,-0.17005855
-0.91092414,0.036444455,-0.16004936
-0.6779329,-0.18276788,-0.23952687
-0.3556973,-0.08212597,0.2586346
-0.008105779,-0.008770439,0.14872794
-0.191043,0.10724463,-0.17029892
-0.27704838,-0.0034370564,0.2672886
0.013777652,0.22535388,-0.030415965
0.70586026,0.0038215646,0.26995113
-0.9739613,-0.05787606,0.1656998
0.82907176,0.08975786,0.09547834
-0.0060568457,0.09949054,-0.23976919
0.2680754,0.0011725067,-0.26946357
0.13313207,0.14738497,0.21576822
-0.448338,0.12883414,0.21832621
0.47592637,0.16323708,0.20644787
0.84858406,-0.109751396,-0.014598238
0.14634998,-0.062102173,-0.027877223
-0.7716113,-0.062101685,0.25944656
0.04148193,-0.0906969,-0.1525923
-0.35011822,-0.113560826,-0.020168856
-0.6237246,0.08158362,-0.1386953
0.8994967,0.026026746,-0.20063719
0.4544629,0.020985316,0.27194923
-0.18181352,-0.11349546,0.06477844
-0.047372993,-0.053011823,-0.061497223
0.5995033,0.19206285,0.0079390425
-0.7594847,-3.5063164e-05,-0.14889307
0.08422149,-0.024456259,0.04525387
0.3324717,0.21497731,-0.1473483
-0.04090503,-0.037255302,-0.20603554
-0.13382919,0.08874366,-0.24425788
0.8124791,0.09131629,-0.012375092
0.34754705,0.22329518,0.0625167
0.31318516,-0.018184686,0.12371474
0.5178059,-0.117849715,-0.06994484
0.6939594,-0.11897521,0.14985158
-0.030143782,0.03329728,-0.0854715
0.14966913,-0.11796266,0.20168951
-0.08012672,0.021615725,0.10206268
-0.4242892,0.17223696,0.050350312
0.022119164,-0.10530988,0.253289
-0.5703331,-0.11699965,-0.046704642
0.66661394,-0.10040945,0.2072647
-0.09878061,0.09842846,0.18754435
0.14634998,-0.06938476,-0.10015249
-0.43721983,0.033245303,0.041767657
0.5117685,-0.039056934,0.10061953
0.5516001,-0.041204065,-0.20803563
-0.38177258,-0.11666236,0.15862867
-0.30563572,-0.11593894,-0.13875881
-0.73134494,0.01424513,0.17806765
-0.8493506,0.06180169,0.07993488
-0.10278145,0.06266151,-0.03001976
-0.24565484,0.042981207,-0.26210716
0.37850773,0.085621886,0.24635957
-0.5998204,-0.06656765,-0.15810692
-0.2772604,0.21976987,0.09065675
0.5227137,-0.12152597,-0.20803563
0.21593556,0.107530914,-0.23641194
0.12391432,0.22282715,-0.07014935
-0.85694057,-0.118004575,-0.16633588
-0.20711887,-0.033630632,0.20774543
0.5886489,0.17050555,-0.18972518
0.5785166,0.118938304,0.115867816
-0.32174578,-0.06311037,-0.20811673
-0.23286097,-0.05402483,-0.014963373
0.24743952,-0.116509646,-0.15312089
0.4235061,-0.11765928,0.12781748
-0.1343871,-0.0861399,0.25997907
-0.6403887,-0.15721922,0.23839247
-0.10404667,-0.11183609,-0.014690866
0.6740964,-0.11914464,0.11536462
0.29676536,-0.11248761,-0.0008587102
-0.16309954,-0.115839176,0.13660727
0.090868555,0.14643425,-0.21701987
0.12531544,-0.06522495,-0.2657888
0.43003982,0.21960378,-0.07595554
-0.84951377,-0.1086425,0.23388618
0.027125616,-0.112131074,0.022962024
-0.7408988,0.08029974,0.0057320474
-0.40529576,0.022418978,-0.17855424
-0.015915401,-0.021255251,-0.27070054
0.8523321,-0.10814596,0.1737519
-0.6892651,0.07517301,0.13622525
0.5202173,-0.05932519,0.2072647
-0.74813503,-0.11945584,0.08993928
-0.07460554,0.06930273,-0.20607951
0.41446033,-0.036740772,0.12986153
0.5964519,0.0096916575,0.16473639
0.55501395,0.05765595,-0.1822173
-0.2653713,-0.021314071,0.11089156
-0.15616815,0.052796934,0.25794965
0.7863256,-0.114287086,-0.22683169
0.7236587,-0.118814476,0.0055703213
0.22157428,0.22330104,0.062436383
-0.8083123,0.0631481,-0.1229702
-0.9395105,-0.027861474,-0.029970028
0.6793599,0.1043642,-0.05830305
-0.09777588,0.2243426,-0.0479472
-0.08781222,0.1806027,-0.19565116
-0.5031336,0.11390244,-0.122786514
0.13175341,-0.016110642,0.051085565
0.69219285,-0.038409818,-0.18029052
0.36795628,-0.024116725,-0.048997357
-0.3884353,0.18851508,-0.09394707
0.066377394,-0.033195347,0.27122915
0.45381314,0.012518929,-0.27357513
0.31884927,-0.11786916,0.1699628
-0.40926075,-0.06572551,0.02804283
-0.5886289,-0.11902943,0.13220458
0.048230708,0.18784872,-0.19011992
0.28776062,0.20060349,0.1790926
-0.08885896,0.13503566,0.2219932
0.5592301,0.041306686,-0.26812693
0.35837504,-0.0906969,-0.12348513
0.46015143,-0.008817044,-0.0610847
0.6344817,-0.101330735,-0.20803563
0.5822139,0.15402031,0.20764674
0.27670792,-0.072824374,0.2645684
0.61030394,-0.043332923,0.2072647
-0.10683535,0.10204852,0.043156475
-0.36543193,0.12485255,0.22355457
-0.5459345,-0.1183959,-0.19198321
-0.1987883,-0.021667678,-0.27074158
0.941345,-0.027157001,-0.1155874
0.675393,-0.1191035,-0.12700163
-0.7013203,0.0019490904,-0.21966287
-0.27611038,-0.116936825,0.16922021
0.7253061,0.0919084,0.0938646
0.1331819,0.21261278,0.16004544
0.5481803,-0.11736381,0.027293412
0.83552444,0.08646901,-0.1980489
0.42650184,0.22305775,0.025050236
-0.3521134,-0.037305426,0.17179969
-0.35112166,-0.114268035,0.06461781
-0.8783434,0.0008547615,-0.24065441
0.5149509,0.13490279,-0.2230455
-0.7797523,-0.14740945,0.19621004
-0.42026168,-0.06874195,-0.18408841
0.9481747,-0.0324001,-0.0019878102
-0.9154138,-0.11263671,-0.08891766
-0.31908324,-0.11358916,-0.052360363
-0.5787604,-0.029009247,-0.267441
0.61867845,0.029257748,0.27206945
-0.69988984,-0.12074977,-0.19289091
-0.08636644,0.21385951,0.15500665
-0.43247613,0.052553643,0.14554852
-0.41606706,0.08338241,-0.08825158
-0.5098197,0.08439565,0.028208446
-0.3472114,0.1859444,-0.18649888
-0.028740669,-0.08799049,0.20514248
0.1398016,0.052590773,0.2580298
-0.7414391,-0.11883226,-0.02687044
0.88344914,0.06791233,0.17165802
-0.43594867,0.15431735,0.14863122
-0.37593943,0.021991115,0.26292497
0.3609594,-0.10411268,-0.25836396
-0.3736062,0.19792825,0.08101416
-0.519356,-0.117832705,0.14744407
0.306884,-0.026293263,-0.15349805
-0.7805916,-0.07826211,-0.19289091
-0.22241113,0.06819471,-0.18322761
-0.17066701,-0.11669559,-0.16362937
0.58669186,-0.17863677,0.2720157
-0.0025675022,-0.03172641,-0.11789233
-0.8591458,0.047258854,0.18569472
0.36457166,0.16219845,-0.20794477
-0.5346844,0.08228516,0.20027761
-0.26862594,-0.050331514,-0.14886278
-0.44253808,-0.114896685,-0.026129521
-0.44256642,-0.050212085,0.26315165
-0.16248691,0.1561689,-0.1085241
0.5690507,0.09579717,-0.05142882
0.46038204,-0.11895322,0.15526655
-0.82770437,0.06858945,-0.016270313
-0.2596984,-0.11202779,0.002665252
0.832686,0.089624,-0.09068578
-0.29707652,0.21685034,-0.10286682
-0.732705,0.06459027,-0.17104833
-0.71733165,-0.09028624,-0.258065
0.93621916,-0.07791251,0.16419704
0.88987243,-0.105481856,0.039678566
-0.56552297,-0.049938492,0.26240122
0.09421114,-0.0906969,0.13971928
0.638392,0.1571958,0.01565807
0.94392246,-0.031004542,0.096065074
0.31379,-0.1143591,0.06356335
0.54580307,0.048024885,0.07728993
-0.14447545,0.13246985,0.14642888
0.2549562,-0.117060624,0.16676676
-0.009237627,-0.0063557834,-0.005108501
0.33175647,0.05833599,-0.2576126
-0.17397441,0.09533991,-0.074969955
0.18179058,-0.05357323,-0.26771852
0.06654614,0.15085164,0.21402219
0.3620225,-0.032106977,-0.2759455
-0.35829338,-0.021623023,-0.066073075
0.08771356,-0.077811874,0.26215404
0.46322826,-0.0906969,-0.04442864
-0.63598794,-0.079999454,0.19211999
0.72247154,-0.022736408,-0.27166882
-0.010519945,0.028804965,0.26493776
0.6152978,-0.11940757,0.08159171
0.08676678,-0.0906969,-0.15596126
0.7603822,-0.11621271,0.18908323
0.037393827,0.22053492,-0.10371199
0.7020154,-0.06621258,0.16473639
-0.92876357,-0.07650522,0.22465572
-0.7649838,0.062152464,0.19046482
0.39409798,-0.11945584,0.24137646
0.61116964,-0.11733108,-0.26202115
0.65927804,0.0967381,0.22743551
-0.95296097,-0.10766953,0.07644476
-0.02079492,-0.0906969,0.12401664
-0.8185814,-0.07598728,-0.14889307
0.26989084,0.22109674,-0.09547258
0.71598375,0.07719067,-0.23935294
0.100963734,-0.11249229,0.03403193
-0.41250855,-0.07886008,0.20263141
-0.27393734,-0.11852546,-0.21879424
-0.7653258,-0.11945584,-0.12592685
-0.07056083,0.22508907,0.036239445
0.8694408,-0.023028942,-0.24496235
0.05332197,-0.108871825,-0.25259236
-0.288701,0.13331893,-0.2223
0.89261705,0.07043418,0.014830972
-0.45187113,-0.11640276,0.13335946
0.201125,-0.11896827,-0.23328334
0.34055507,-0.05807452,0.2020002
-0.43402773,0.08877199,-0.017697237
0.17740741,-0.112179235,-0.025206476
0.038028248,-0.037234295,0.122671224
0.5885346,-0.1345514,0.2072647
-0.8966988,-0.11594353,0.0015499366
-0.30679354,-0.115486644,0.2475428
0.49727648,0.05344962,0.011576617
-0.9591097,0.00447552,-0.094680466
0.55485666,-0.0773036,-0.16550927
-0.17325725,0.04266209,-0.18257101
-0.18155557,0.12129013,0.22892264
-0.24074502,0.028734716,0.18315725
0.49896488,0.055663683,-0.056837633
0.047511477,-0.0906969,-0.19732587
-0.33752754,0.03569562,-0.26301974
-0.5772137,-0.119058646,0.21350531
-0.07218454,0.03828419,0.20960775
0.36931735,-0.018786663,-0.21089359
0.42937836,-0.11523739,0.021907266
-0.03612311,0.222749,0.070513986
0.7405954,-0.11763935,-0.056605574
-0.38645476,-0.115867905,-0.13492183
0.18888319,0.22325121,-0.06393415
0.50551426,0.21506426,0.03315129
0.42898458,0.11357414,-0.2337875
-0.68259263,0.013616381,0.26178277
-0.24019688,0.20722808,0.17409582
0.57538605,0.14013503,-0.1502219
0.48263013,-0.070661716,-0.20439406
-0.46502554,-0.118335225,-0.20903517
-0.2713676,-0.06144967,-0.26577315
-0.50150186,0.013488482,-0.2623055
-0.03715139,-0.08859814,-0.12987033
-0.96359056,0.01628576,0.01637798
-0.7890873,-0.05139174,0.19694579
0.6790678,0.09174426,-0.16752695
0.3189695,0.009801772,0.26925057
-0.6423174,-0.005223057,-0.17228629
-0.40633732,0.1857988,-0.004638995
-0.09345954,-0.11867681,-0.22434992
-0.8687436,-0.116868824,0.15033329
0.25405726,0.17102732,-0.20205982
0.49596035,0.049649768,-0.14148976
-0.04794459,-0.05235215,0.0914132
0.5889382,0.19317967,-0.071063496
0.11478646,-0.017831277,-0.0749129
-0.57238597,-0.11728691,0.058483317
-0.5976161,0.020378545,0.26212475
0.53541577,0.016446782,0.2748072
0.6049026,0.18233602,0.08408297
-0.08936773,0.056481495,0.25653
-0.992815,-0.070561066,-0.071304746
0.7303175,-0.03810673,0.26905513
0.10886536,-0.11380431,-0.0750153
0.4984773,-0.09976848,0.25968206
-0.23143445,0.22573689,0.017876234
-0.5881511,0.084835336,0.13836408
-0.10607489,0.06957044,0.12229308
-0.027175643,0.17944486,0.1957
-0.9366271,0.022335049,0.15817727
-0.85564685,-0.098436736,-0.23636113
0.012841317,-0.0906969,-0.06761979
-0.711776,-0.12167576,0.24925563
-0.0056406106,0.0056362916,0.2098569
0.25480473,0.20808595,-0.17305428
-0.5979874,-0.11896661,-0.124032296
0.8534968,-0.108656876,-0.096747376
-0.7664103,0.0017033534,-0.2549735
0.15636799,-0.11686032,-0.16867599
-0.44156393,0.08882865,-0.20288447
-0.8274513,-0.00024894736,0.25023857
-0.2971019,-0.05402483,0.036859497
-0.24613263,0.06663725,0.25215265
0.54967916,0.09786761,0.19030653
-0.7029383,-0.11202057,0.14812118
-0.47208786,0.060978986,0.24876416
0.14634998,-0.072112575,0.118764855
0.5973801,-0.07420753,0.16473639
0.6202936,-0.044139404,-0.27091357
-0.6716415,-0.019478241,-0.2592912
0.312382,0.08808509,0.24455392
-0.23501153,-0.1029819,0.16153549
0.68478364,-0.027947458,-0.22019732
-0.06641655,-0.11307131,0.051779
0.30475298,-0.029510686,-0.021377698
0.39748162,-0.030701743,-0.14264563
0.90578026,0.0054534776,0.20086582
0.5548968,0.06090375,-0.0920406
-0.15092318,0.15239836,-0.15927355
0.45596954,-0.012332766,0.21030244
-0.42741975,-0.00086724275,-0.26504326
0.29823196,-0.11512962,-0.09335516
0.18827741,0.102190204,0.23786974
0.103774786,-0.075896025,0.20246433
0.22302233,-0.11304981,0.25009692
-0.22994733,-0.097426526,-0.19509129
-0.26632592,0.014717844,-0.20242818
-0.0393335,0.023042843,-0.26628315
-0.8182941,-0.11945584,-0.023213824
-0.115333684,0.11918844,-0.16776925
0.8726866,-0.06619353,0.23799774
-0.16467556,0.0813198,0.14483136
0.73312664,0.04078004,0.25492364
0.7163228,-0.11549418,-0.20573656
-0.034193676,-0.113107264,-0.053650793
-0.30729577,0.22118664,0.033987865
0.2798707,0.2208564,0.0982208
0.30695724,-0.056226365,0.017644664
-0.39379752,-0.091661856,-0.06775785
-0.04502938,0.22222918,-0.07889967
0.43295056,0.14296368,0.21814351
0.14077282,0.22573395,-0.018730205
-0.17567942,-0.018656224,0.2696668
0.53825027,-0.005974821,0.20450154
-0.15966316,-0.112131655,-0.023749262
-0.27629212,0.22382669,-0.04230183
-0.29964232,-0.055063475,-0.051219042
0.9393605,-0.075713105,-0.14853741
-0.21484268,0.030436981,0.06343828
0.1633961,0.14523244,-0.21762566
-0.12836146,0.22580625,-0.016514191
0.034185104,0.046572946,-0.26112127
-0.5688695,-0.0950108,-0.2532421
0.37348655,-0.0906969,0.00644466
-0.17898488,0.21680737,-0.13652326
-0.7314338,-0.18491548,-0.20623194
0.4559373,-0.117772326,-0.11042158
-0.007128114,-0.11744618,-0.18663272
0.45015788,-0.0424047,0.08559529
0.49335155,0.21235774,-0.105086744
-0.07444686,-0.007102662,0.028483981
0.36744916,-0.11575935,-0.08837723
-0.15195401,-0.118060276,0.20468229
0.37737435,-0.11866293,-0.17530252
-0.066037245,0.083113715,0.09033881
0.9460301,-0.08343935,-0.03993154
0.034443542,-0.035844497,-0.20741518
0.66457963,-0.11933223,-0.0691071
-0.7160253,0.07716233,0.056504443
-0.0093624,-0.006227688,0.08950165
-0.8672409,0.056710135,-0.09240934
-0.10542102,-0.11391795,-0.078497015
-0.19987676,0.097604774,-0.24054497
-0.6285563,-0.13918667,-0.2109014
0.6708613,0.10178472,0.16291024
-0.20869587,-0.03681767,-0.07634373
0.2556763,0.07235218,-0.25126845
0.055362992,0.20964149,0.17046404
0.5265742,0.09276139,0.122679025
0.40791193,0.21985096,0.09017202
0.5965037,0.010112387,-0.23551498
0.46771795,0.20356308,0.16973317
-0.6709615,-0.11817566,-0.039777845
-0.41054952,0.13849843,-0.21610239
-0.25531226,0.011328063,-0.11182662
-0.67237824,0.08140579,0.012885902
0.5105764,-0.040543858,0.03468413
-0.042342998,0.04742398,-0.1499112
0.47125202,0.08157483,0.24914326
0.44411466,-0.11721695,0.09466824
-0.6699404,0.0093255425,0.18855366
-0.71099627,-0.088303745,-0.14889307
0.6392919,-0.041685477,0.27459028
-0.7631361,0.07349927,-0.0691327
-0.5624588,0.08633612,-0.011327175
0.54888284,0.20090054,-0.12481201
0.20036386,0.02057826,-0.26652843
0.50295335,-0.11940884,-0.16139089
-0.013788213,0.15928774,-0.20976603
-0.08800861,0.21741901,-0.13221532
0.36387402,0.22561671,0.02156353
0.015637029,-0.0906969,0.063868195
-0.4645595,0.1424693,-0.10574432
0.23330802,-0.11229883,0.027445544
-0.07001806,-0.020072695,-0.1166231
0.026296468,0.22400747,0.052085117
0.10425258,0.21175879,-0.1642889
0.36190718,0.22167906,-0.08694572
0.41225702,-0.05869687,-0.20066358
0.2764353,-0.1186303,-0.20859158
-0.7730515,-0.15698376,0.25435695
0.80625117,0.091657296,0.039692048
-0.6570615,0.073085964,-0.19854331
-0.38898247,-0.064262435,0.07394598
-0.5604021,0.08707675,-0.14201346
-0.41480568,-0.0682493,-0.034223735
-0.95745844,-0.016051918,-0.16119546
0.41110697,0.21382728,-0.14121911
0.29810593,0.22552292,0.024454903
-0.9161055,-0.11004384,-0.19931619
-0.11855961,0.023869064,-0.2662011
-0.39254394,-0.02434575,-0.1340962
0.09568555,0.22064827,0.101275146
-0.6124882,-0.03818382,0.22441146
-0.6163926,0.0855574,-0.06974181
0.47546518,-0.082494326,0.20570627
0.14600606,-0.048691075,-0.16009332
-0.68606126,-0.04422618,0.19211999
-0.34967166,-0.06413414,0.2152103
0.061281055,-0.024984468,0.1873118
-0.7371048,-0.15001297,-0.26021945
0.07004076,0.22611305,0.006315793
-0.73068047,-0.018530866,0.14812118
0.8227276,-0.11180199,0.04983774
-0.4444219,-0.116244964,-0.1317473
0.5370181,0.19616072,0.16877563
0.5459731,0.15380435,0.15878695
-0.277958,-0.04634519,0.07466423
-0.8142862,-0.11945584,0.107402414
0.7921949,-0.11477934,-0.022956263
0.6455999,-0.06674783,-0.16550927
-0.075895086,0.011629985,-0.05126252
-0.41673246,-0.110694766,0.2472663
0.56418973,-0.11937376,-0.12817217
-0.48439026,0.13333163,0.036988962
0.92478245,-0.07681173,-0.21608578
0.38124844,0.017074555,0.2702716
-0.7002093,-0.15455961,0.19211999
0.5022283,0.05994524,0.07785996
0.3585079,-0.07401475,0.2666701
0.64015365,0.15256056,-0.07856961
-0.9611577,0.03004752,-0.011126386
-0.47603917,-0.0027408854,0.26356786
0.3125432,0.14879489,0.21510479
-0.29358053,-0.04942439,0.15275937
-0.4330643,0.0760856,-0.14973825
-0.30845165,0.07888982,0.24523397
-0.5121442,-0.115484595,-0.010465979
-0.40060872,-0.01984816,0.019488607
-0.36910477,-0.024627248,-0.19294563
-0.08061389,0.0058121644,-0.17857672
-0.65141016,-0.11106771,0.14812118
0.53105503,-0.010449351,-0.26640433
0.022918414,-0.040291574,-0.056892447
0.19478865,0.15309696,0.21289171
-0.2030816,0.22028773,0.10656017
-0.6212448,-0.11672774,-0.0014149297
-0.047606714,0.058221675,-0.027987242
0.7084446,-0.0971505,-0.16550927
-0.16618516,-0.11429608,-0.090086535
0.5097811,0.062218897,-0.25983348
0.78254527,0.019904563,0.25473118
-0.124050595,0.18048544,0.19496231
0.55946946,-0.1191374,0.09383695
-0.25746772,-0.048654605,0.26716352
0.7519305,0.09222302,-0.042146377
-0.2350985,-0.09485613,-0.12525852
0.6268097,-0.14928065,-0.20803563
0.5512112,0.055478036,-0.0012693205
0.58060956,0.11841655,-0.23015669
-0.43259242,0.07146598,0.08348559
-0.49375066,-0.11769026,0.189775
-0.2241894,-0.05671116,0.044407625
0.77864575,-0.079114415,-0.2558099
0.5949443,0.17853618,0.15087166
0.049942743,-0.0906969,0.1894428
0.5463141,0.20851003,-0.025882516
-0.8350256,0.052049465,-0.16425861
-0.90007067,-0.07565009,-0.23331363
0.54083365,0.039294295,0.16717713
0.76956475,0.08646901,-0.22028428
0.13254192,-0.0011453166,-0.26868677
0.1617937,0.06433721,-0.25427195
-0.11529391,0.09751488,-0.08998335
0.92104614,-0.0075351186,-0.06543241
0.6264912,-0.041584343,-0.20803563
-0.67009777,-0.13085052,-0.2549784
-0.80464727,-0.03338099,-0.21489961
0.1609837,-0.11497144,-0.11078408
0.73759377,-0.11780682,0.053343397
0.65471894,0.13439472,0.077406295
0.059138812,-0.009384531,-0.26950854
-0.42557895,0.041716576,-0.1267388
0.30238745,-0.11713839,-0.15381755
0.50358063,-0.03660652,0.2649397
0.15908523,-0.10188268,0.25470382
0.6945124,-0.04173374,0.24071108
-0.78978986,0.07196135,0.04726255
-0.6030741,-0.054192495,-0.22238404
-0.39138022,-0.11433565,0.030657198
-0.07140385,-0.11857832,0.22055884
0.51865983,-0.04403222,0.16473639
-0.045442972,0.05572622,0.15825935
0.1175037,-0.115217075,-0.118313454
0.6008791,-0.11945232,-0.07971886
0.1595249,0.22121008,0.09305949
0.6470675,-0.16057159,0.21169966
-0.64976865,-0.049284585,-0.14889307
0.2540006,-0.11299901,-0.042752266
-0.30380467,-0.113265455,0.044131406
-0.76132363,-0.118787415,0.011367816
-0.68841696,-0.013864436,0.14812118
0.3140665,0.19278394,-0.18601033
0.4424165,-0.11945584,0.21104698
-0.16598876,0.06437531,-0.12325454
0.48425695,-0.0906969,0.11888503
-0.5457977,0.08052447,0.09509884
-0.472593,0.08848863,-0.10295475
0.7149344,-0.09186998,0.1910071
0.36703488,-0.025747761,0.16886847
-0.9270049,0.006219411,-0.21587572
0.7091344,0.08990149,0.19920284
-0.209543,0.08257731,0.17323893
-0.17901224,0.04826622,-0.2604686
0.6385376,0.13382019,-0.19120254
-0.9934765,-0.070137314,0.065499134
-0.82114136,-0.06995245,0.23000622
0.64151675,-0.1602384,-0.27536413
0.19224142,0.21742292,0.13141607
-0.21175803,0.07812672,-0.122265734
0.5596649,-0.14842005,-0.27536413
0.17955013,0.0083200345,0.26697397
-0.3474283,-0.10369751,-0.1756914
-0.7675711,-0.11358261,0.14812118
-0.7270926,-0.028031876,0.25944656
-0.76248246,-0.068906,-0.2545221
0.8994117,0.052574158,-0.11998719
0.3381583,0.21504863,0.14592959
-0.4107762,0.079594284,-0.24246006
0.6134501,-0.11918753,0.1459335
-0.4859829,0.08052447,0.17656295
0.039259955,-0.060963336,-0.26663396
0.5021277,-0.11899915,-0.26283312
0.5300037,0.120017976,0.22978441
-0.8608801,0.045718,-0.20611566
0.7549301,0.09080625,0.14839768
0.6815408,0.09843528,-0.106757544
0.8021973,-0.11346498,-0.09403843
-0.26861522,-0.11413135,-0.08404135
-0.13945033,-0.033973,-0.271064
0.10068037,-0.114177845,0.08569104
-0.77363676,-0.019594219,0.22712481
0.3689734,0.14150783,0.21882257
0.41253743,0.21296744,0.14480986
0.55508333,-0.11857168,0.2558265
-0.33542588,-0.11612243,0.14300911
-0.46100387,0.11357219,-0.22708476
-0.3635589,-0.05402483,-0.02465345
-0.42012587,-0.11934044,-0.24080783
-0.9091849,0.050153937,0.08222027
-0.64274436,-0.026448034,-0.21657823
0.8382671,0.029379196,-0.23965976
-0.56012756,0.08663315,-0.08190849
-0.70884377,0.064522855,-0.22600703
-0.18798865,-0.058807015,0.2661796
-0.46774963,0.14161727,0.08990254
-0.9028466,-0.11425045,0.09039001
-0.36783555,0.0770998,0.24406637
0.0655418,-0.0906969,-0.09454016
-0.39359036,-0.10369751,0.09717337
-0.35733882,-0.118861966,0.22664115
-0.43663362,0.034316868,-0.096643515
-0.64187974,-0.005614572,0.20664427
-0.18326645,0.12331756,0.17531815
0.83666956,-0.10944225,0.23034622
-0.25288033,-0.115913734,0.13829666
0.14634998,-0.0688929,0.04814104
-0.061574146,0.07708416,-0.103456
-0.3946925,-0.05268194,-0.26454106
0.33146435,-0.0906969,-0.025683975
0.62749267,-0.033504885,0.16473639
0.30695724,-0.08343896,0.1254852
0.86068517,-0.107824296,0.116974846
0.39664036,-0.0906969,0.15165038
0.53269655,-0.028223483,-0.16550927
-0.6409427,-0.11834685,-0.06700326
0.70493007,-0.0582585,-0.23447342
0.83624643,-0.10430272,-0.23908034
-0.04277848,-0.11436515,0.091433436
0.9116936,0.014169995,0.0033729305
0.84454775,0.085726425,0.19985162
0.3140196,-0.017702693,0.0675722
0.41656494,-0.116539255,-0.08643608
-0.14445004,0.13680808,-0.22187205
-0.036688447,-0.11658049,0.15932827
0.28150535,-0.115454994,0.10828667
-0.2447061,0.0258154,0.09915782
0.9115372,0.013379146,0.14963858
-0.50650936,-0.11248448,-0.24545677
-0.0881283,0.22081728,0.098806076
-0.3194565,-0.044667196,0.26648542
0.4931591,-0.05169023,-0.27452874
0.12821347,-0.11167741,-0.009827761
0.65032995,-0.0033082766,-0.17320962
-0.55370814,-0.11830298,-0.12003604
-0.4432787,0.16081198,-0.05888031
0.45572332,-0.023981692,-0.114961095
-0.34851676,0.20254691,0.12866461
-0.0151246805,-0.017397746,0.26954076
-0.25165802,0.013466009,0.22877705
0.7759051,-0.11599151,0.034148008
0.43684715,0.1667145,-0.20488945
0.15854882,0.2158938,-0.14273454
-0.5852238,0.069171794,-0.24110778
0.63241035,-0.11901321,0.03706762
0.8238024,-0.11101476,-0.16129318
0.91311127,-0.10268223,-0.10677611
0.56497043,-0.11806672,-0.045733623
0.12514642,-0.033706654,0.27061358
0.667849,0.052785207,0.25858867
-0.99342173,-0.038680863,-0.013833578
-0.11913999,0.11639595,0.09942066
0.019216461,-0.040654752,0.06611782
-0.6023725,-0.05686221,0.17032723
-0.057256833,-0.039819155,0.19720763
0.08008356,-0.11861359,0.22163948
-0.7301548,-0.11945584,-0.074860424
-0.977296,-0.024830578,-0.07007861
-0.1765881,0.1277535,0.105822474
-0.5677693,0.027186535,-0.2611379
0.0027578673,-0.040994484,0.20196992
0.42107612,-0.04262982,-0.03958497
-0.17566477,-0.11872156,-0.2257227
0.08432311,-0.024425775,0.12096426
-0.95416373,-0.107356384,-0.084376976
0.7634063,0.091679774,-0.091736436
-0.95249975,-0.023738204,0.2064215
-0.23256004,-0.11828373,0.21135084
-0.86870944,-0.1178032,-0.04867346
-0.50313944,0.10464756,-0.17937206
0.9031353,-0.10422337,-0.03186673
-0.3892326,0.17880194,-0.15092832
0.35116127,-0.019108318,-0.11271479
-0.21138577,-0.04349864,-0.14180143
-0.6768679,0.0089934375,-0.14889307
0.32986975,-0.0906969,-0.06566798
0.6320488,-0.092916325,0.26088092
-0.21010287,0.021721246,0.26564223
-0.34241393,-0.11484157,-0.104326576
-0.95616084,-0.030945038,0.024468092
-0.09316729,0.04901466,0.017521163
0.26537967,0.12592734,-0.22736615
-0.028299117,-0.11184527,0.014200757
0.009582761,-0.11697708,0.17148507
0.5770393,0.0073662056,0.2429906
0.4585637,-0.11945584,-0.2276495
-0.4888223,0.10594316,0.2224739
-0.03944342,0.21526164,0.14632921
-0.72668034,0.039794955,-0.25092742
-0.295051,-0.010930563,-0.2684816
0.7533189,0.09221423,0.02159597
0.89628696,-0.1036425,0.19738644
0.36960754,0.22531481,-0.031631254
-0.39574286,-0.10369751,-0.20075737
-0.9494366,-0.10668639,-0.14013943
0.12916318,0.18038969,-0.19580163
-0.7020521,-0.11837489,0.02895513
0.0728012,0.22353359,-0.05979036
-0.29876587,0.17359997,0.1969497
0.69976133,0.027492847,-0.2647062
0.41156623,0.055095997,0.2591505
-0.1278827,-0.0033410066,0.26813376
0.44690323,0.22155109,-0.032788116
-0.82419276,-0.11720475,0.18861619
-0.11705881,-0.11611862,-0.14594522
0.6886422,-0.09526826,0.24931133
-0.39008266,-0.020724015,0.20768973
-0.5651107,0.087325916,0.04618278
-0.23280041,-0.08609691,0.10254926
0.56841856,-0.028590668,0.16473639
0.14518042,-0.087579235,0.168163
0.6134599,0.10790514,0.23331851
0.59928155,-0.09759058,-0.16550927
-0.4395863,-0.11767824,0.18862109
-0.87306815,0.06572173,0.010339441
0.68066335,0.101990886,0.06724888
0.19417505,0.22601241,-0.010170998
-0.38624665,0.17546034,0.1731373
0.23287909,0.070077546,0.25128794
-0.26632884,-0.03618726,-0.09806751
0.07380896,0.07671191,-0.24928594
-0.43927658,-0.11593034,0.07724273
-0.95219195,-0.10873455,-0.02637262
-0.43249175,0.052754924,-0.041521143
0.52596253,0.0037442748,0.06822039
-0.64280593,-0.004786302,0.2572198
-0.48656425,-0.116123505,-0.057432376
0.94593036,-0.08574926,0.020362604
-0.20575976,-0.115248345,0.11850202
-0.22514305,0.21971905,-0.11565384
0.31194037,-0.022972956,0.18155289
0.25344366,-0.017533755,0.27020517
-0.62848395,-0.11860519,0.086560935
0.14400792,0.09546106,0.24068078
0.09568457,0.05410329,0.25744647
-0.010265318,-0.079243496,-0.20344043
0.51842237,-0.1166356,-0.018495707
-0.5954519,-0.1049643,-0.21427622
-0.04052661,-0.06917899,-0.26488888
-0.74323106,0.012497628,-0.19943146
0.73130333,-0.118248366,0.107621275
-0.9374,0.05586008,0.0076683816
-0.572898,-0.0958165,0.25240865
0.35487515,-0.11945584,0.21464263
0.52598596,0.0033744501,-0.003406538
-0.66092,-0.12261483,0.19211999
0.7653448,0.04420939,-0.24936214
-0.72486687,0.07272348,-0.12040733
0.7798095,-0.027699476,0.2621003
-0.6310351,0.075499356,0.17451207
-0.31565955,0.20690078,-0.15100747
0.55692613,0.2065969,0.029389342
-0.35850054,-0.034177113,0.09840156
0.6779617,-0.119315624,0.06363877
-0.20834316,-0.11185065,0.014365199
0.42176202,-0.11945584,-0.20334859
-0.49911484,-0.117403775,-0.17386428
0.6578525,-0.0872397,0.16473639
-0.23966926,-0.1017415,-0.25529984
-0.78952605,-0.11945584,0.061995428
0.10699719,-0.029711572,0.21316822
0.51761925,-0.008589092,-0.2042563
-0.5857876,-0.11924029,-0.16411597
0.09750683,0.1879738,0.18924934
-0.21550807,0.025627216,-0.2196658
-0.41806325,-0.11568646,-0.09190312
0.47626153,0.025693068,-0.025356261
0.48539233,-0.0906969,-0.12863237
-0.15131305,0.11259121,-0.12430782
-0.94141674,0.029378025,-0.11840529
-0.54330814,0.083320856,-0.19517045
0.023356928,-0.11480884,0.10503006
0.22767127,0.21662953,-0.13765961
0.3534955,0.21980505,0.11361565
-0.7113549,-0.061044443,0.14812118
-0.02844305,0.22623226,-0.0034325577
-0.33876747,0.14448498,-0.21518785
0.55554944,-0.17395854,-0.21435146
0.35481653,-0.0906969,0.054652974
-0.9395105,0.018666707,-0.04794573
-0.24058284,-0.012969822,0.06356012
0.3313207,-0.06995645,-0.26756707
0.6404244,-0.009715761,0.23548566
0.9162301,-0.010553506,-0.16844149
-0.6677254,0.080144376,0.0896997
-0.6472605,-0.086839005,-0.19289091
-0.79756445,-0.11945584,-0.14853546
-0.34823635,0.21053159,-0.054919235
0.5343693,0.023815034,0.12952736
-0.110223465,-0.08200354,-0.26197526
0.44716704,-0.03513221,-0.19770499
-0.27962393,0.21416241,0.13834648
-0.8450827,0.048701994,0.13955416
0.6743944,-0.1192528,0.01746498
-0.52915615,0.08052447,0.15097716
-0.20029399,-0.1154162,-0.1244153
0.03554227,-0.11505067,-0.11321408
0.39257574,-0.0906969,0.06740473
0.20411585,-0.11689325,0.16891536
-0.12369396,0.2210303,-0.09645484
0.54596233,0.10549956,-0.16806042
0.4753968,0.21497536,0.09279323
0.5378243,0.20698479,-0.071733676
-0.74061346,-0.05154991,-0.19289091
-0.9395105,0.012821238,0.05680626
0.31395218,0.015417432,-0.26930332
-0.72357416,-0.020050809,-0.14889307
0.070054926,0.015046433,0.26630566
0.9194428,-0.102024466,0.11534606
-0.7809619,-0.022500735,0.14812118
0.011370324,-0.043568693,-0.16398112
0.49809334,-0.116404615,0.022388088
0.33493492,-0.11590416,0.10396993
-0.16053471,0.22313102,-0.06568527
-0.59961814,-0.06733681,0.22513644
0.49046236,-0.0733478,-0.011625868
-0.04431914,-0.05552662,-0.16188236
-0.08684354,0.053442784,-0.2584724
-0.23873518,0.16730565,0.20368567
-0.7173668,-0.037268687,-0.25567698
-0.048953615,0.12785414,-0.22638516
0.086540096,-0.0906969,-0.0005934197
-0.19815907,-0.117400944,0.18447436
-0.74523604,0.07322569,0.09956917
-0.24449798,-0.08861523,-0.051219042
0.5136621,-0.07372211,-0.16550927
-0.23046322,0.045486435,0.13842954
0.5546955,-0.17242941,0.21223412
-0.36394483,0.20731701,0.03501448
-0.8089816,-0.09600928,-0.22477396
0.9197847,0.0059446567,0.0750019
0.43171847,-0.031224968,-0.27775115
-0.2712201,-0.10369751,-0.1623963
0.36033115,-0.021825867,-0.0010411717
-0.26168576,-0.0028574532,0.1523109
0.47077525,0.017921489,0.101013295
0.78048366,0.0915635,0.09057106
0.63595515,0.1377666,0.18620867
0.5266719,-0.11933086,0.1251442
0.59336925,-0.038070284,-0.16550927
-0.39904442,-0.11419397,-0.01975477
-0.56496894,-0.11879924,0.16248912
-0.49006125,-0.04952224,0.2622791
0.07362889,-0.018061183,-0.2078197
-0.98293275,-0.02842906,0.077372395
-0.6709214,-0.11938822,0.09747334
0.56239194,-0.09360293,0.2072647
-0.782576,-0.11945584,-0.056406934
0.4657276,0.08050591,-0.25029817
-0.15542752,0.08850817,0.1937996
0.19669689,-0.1160344,-0.1433628
-0.1348864,-0.11181704,0.013335847
-0.29189214,-0.11573522,0.13201794
-0.8796234,-0.071652465,0.23761863
-0.32705036,-0.1015711,-0.25364563
-0.73950446,-0.1786661,0.19961223
0.1406634,0.09962537,-0.23971349
-0.77449465,-0.0023064776,0.18636695
-0.2691526,0.22301963,0.05981537
0.026423195,0.1721539,0.2005473
-0.86979693,-0.11654111,0.19645333
-0.9040103,-0.11269924,-0.15294501
-0.16484754,-0.11916183,0.23844232
0.5226639,-0.11778591,0.06305839
-0.06500643,0.013941649,0.2664151
-0.30846632,-0.10369751,-0.18264137
0.42752188,-0.08618494,0.2657497
-0.55915827,-0.11825891,0.11369382
-0.07243672,0.09170126,0.016716147
0.8520194,0.08716762,-0.15334171
0.7293443,-0.09216281,0.26261914
-0.4224171,-0.072145306,0.10970636
-0.81182295,-0.002134707,-0.2537502
0.4922348,-0.0073435106,0.27637348
-0.6412065,-0.11945584,-0.14170079
-0.09789752,-0.11804737,0.20428853
0.8056072,-0.07614244,0.250176
-0.035555527,-0.11466629,-0.101432465
-0.3571639,0.19916719,-0.13054843
0.46920407,-0.11566438,-0.012471334
0.56790847,-0.10806261,-0.20803563
-0.91315573,-0.11202173,0.13335654
-0.28695595,0.090525836,-0.24178392
0.30695724,-0.06380067,-0.1253279
-0.26177076,-0.118628055,0.22141965
-0.06839542,0.08952434,-0.16428694
-0.26902264,0.2149343,-0.14032215
-0.46797633,0.08052447,0.045977496
0.5395898,-0.035932045,0.27459028
-0.096964024,0.054096453,-0.07551761
-0.43233055,-0.027515981,0.044407625
-0.46976537,-0.09170759,0.2532636
-0.7006148,0.0018671126,0.21827932
-0.82141787,-0.11945584,0.14160994
-0.24221651,0.00088837236,-0.055179335
-0.7964007,-0.021906571,-0.15117748
-0.6232986,-0.11550434,0.24994348
0.024272058,-0.0906969,-0.023196723
0.93453175,-0.017055964,0.03626338
0.3568684,-0.117433764,0.14363346
-0.7952683,0.035306253,0.24354461
-0.0014081011,-0.0906969,-0.1359165
-0.056417324,0.086115316,-0.24535514
-0.90397024,0.03739583,0.19232616
-0.09973248,-0.11408483,0.08284188
0.615585,0.1693526,0.12726934
-0.19976635,0.22404166,0.051578894
0.38046092,0.20436135,-0.17422481
0.8894181,0.0604797,-0.1644677
-0.31733721,-0.03610499,0.20222299
-0.6929203,0.014861569,0.16372903
-0.23496756,-0.09887768,-0.1566413
0.7961022,0.09048382,-0.15032351
-0.15430778,0.08934357,-0.18037258
0.16746075,0.1947928,0.18380506
0.034545258,0.15130694,-0.21456546
0.68517256,0.09321574,0.11626842
0.29811472,0.08871923,-0.244892
0.5453751,-0.0028312677,-0.23238052
-0.13474472,0.13553986,0.22173914
0.39112476,-0.086144395,-0.26545364
-0.41359508,0.121292084,-0.13167012
0.78167766,-0.11496899,0.14934936
-0.031011019,0.03388177,0.08518335
-0.80932945,0.056474652,0.18068036
-0.77581954,-0.079378426,-0.14889307
0.23115942,-0.11774624,-0.19582996
-0.25328875,0.016363341,-0.15718749
-0.31174833,-0.11279607,-0.0075627556
-0.13842244,-0.118417785,-0.21640919
-0.19527376,0.010133294,0.17099947
0.07235732,0.21754508,-0.13134572
0.66298896,0.12645009,-0.009383532
-0.12928675,-0.116940245,0.17035556
0.39637655,-0.1176713,-0.13830057
-0.5161287,0.08375664,-0.016344864
0.584341,-0.118503675,0.04963079
0.3267822,0.054483373,0.258277
-0.43825555,0.023339683,0.2617046
0.5057399,-0.07603916,0.16473639
-0.5290428,-0.02308571,0.26510483
0.1480208,-0.0269823,0.13038135
-0.7651528,0.06670173,-0.13605523
-0.0011585568,-0.11840283,0.21518101
-0.47472793,0.08794928,0.0002700587
-0.7595727,-0.11861946,-0.24996793
-0.92700684,-0.112248704,0.028533325
0.5509845,0.08181617,-0.25021124
-0.9382608,0.04411364,-0.07396347
-0.5931596,0.08190214,-0.17178212
0.85537666,0.088730946,0.05896834
0.36455408,-0.11945584,-0.2152367
0.93558013,-0.023047116,0.13867576
0.40703157,-0.033663172,0.07629663
0.1487409,-0.0397065,0.08726648
0.67292297,-0.078254096,-0.20803563
-0.4417193,-0.117249206,-0.17618091
0.71022,-0.065774366,-0.2693053
0.12375896,-0.0906969,-0.18479583
-0.33322158,0.21330258,0.069210276
-0.24386777,-0.112853035,0.044546466
-0.8076919,-0.038358714,0.23749161
0.4139708,-0.11915861,0.17736317
0.079621404,-0.11702086,0.17282465
0.4948289,-0.11805128,0.093880914
0.15642953,-0.119020745,-0.23489062
-0.8513194,-0.11987461,0.0067448965
-0.632614,0.087207675,-0.0066213305
-0.66746646,-0.06872739,0.14812118
0.37294427,0.11934868,-0.23076834
0.6835155,-0.0269098,0.17166877
0.4755414,-0.0906969,0.16153549
0.13847083,-0.112526976,0.035093233
-0.26868358,0.22580823,0.012670652
0.0024355284,-0.08532297,-0.2610177
0.2318727,-0.061075155,-0.26662418
-0.9028661,0.039217107,0.1346541
-0.55158687,-0.11584494,-0.00290217
-0.70916134,-0.06760414,0.250135
0.5067903,-0.049985234,-0.22826995
-0.0073610493,0.20518501,0.17533672
0.07189926,-0.117145136,-0.1774052
0.30695724,-0.061481874,0.06595289
-0.20495659,0.064051904,0.22230096
-0.7209615,0.06673691,0.18877155
-0.43250448,0.07598788,0.1925929
-0.67122823,0.057914868,0.24211417
-0.39819828,-0.042802468,-0.06537827
-0.41879508,-0.02854963,-0.02178592
0.42041367,-0.04201133,-0.095488116
0.59606206,0.010050144,0.21333237
0.30695724,-0.06368488,-0.04849944
0.6564944,-0.005991626,-0.23958255
0.18747132,-0.118744425,0.22565039
-0.3682684,0.00435192,-0.26560605
-0.16046827,0.21949334,0.117128246
0.5093913,0.06966229,-0.09699057
-0.23212425,-0.08102089,0.19352406
-0.09408897,0.10615617,0.12975796
-0.08800988,0.11843609,-0.13053866
-0.08753493,0.04198038,0.14446592
-0.108669125,0.22364397,0.057403255
0.5538884,0.15397927,0.107792266
0.7670586,-0.116021596,-0.10070161
-0.7405109,-0.056586143,-0.14889307
0.45500907,-0.11648698,0.0562974
0.5369058,0.103907906,-0.0141537655
-0.9097496,-0.029078914,-0.23861623
-0.41525024,0.15413268,0.19736886
-0.07839494,0.004407028,-0.26813573
0.01687069,-0.040884856,-0.0019262055
0.46598262,0.21888465,0.050562922
-0.05704705,-0.04081802,0.049492244
-0.7950895,0.058861658,-0.1845193
0.8039697,-0.112869635,0.2024526
0.8517947,0.089150116,0.015784893
-0.61893886,-0.027635869,-0.24771284
-0.0667597,0.17044304,0.20167094
-0.7854741,-0.0419188,-0.2522406
0.29248577,-0.11945584,-0.24866351
0.4964929,-0.008715036,-0.27740234
-0.671409,-0.17126572,-0.19836254
0.11515285,-0.0906969,0.06858758
0.5607035,-0.004816102,-0.16550927
0.88513947,0.07787365,-0.044154078
-0.9016721,0.039380375,-0.118092634
0.07232712,0.2242781,0.04812482
-0.6899705,0.078850724,-0.026247455
0.48608407,0.21861887,-0.0046174703
-0.53619987,-0.11818963,0.20077105
0.42475384,-0.11513861,-0.021795984
-0.22847293,-0.061402693,-0.26645026
0.68711793,-0.11939604,-0.03489743
-0.45164642,0.107151814,-0.14548503
0.5382405,0.05614929,0.26067767
0.11589153,0.21866383,-0.123622894
0.41965935,0.09669512,0.24189824
-0.19786106,0.20204663,0.17808329
0.67046654,-0.06585478,0.27459028
-0.016606174,0.015115612,-0.13861421
-0.7891156,0.07243425,-0.034391597
-0.5999728,-0.065989226,-0.25798777
0.4566105,-0.036941368,0.1372629
0.20251636,0.16011924,-0.20921984
0.31669778,0.22023496,-0.10809126
-0.83534807,0.066816054,0.03017462
0.82151407,-0.024213942,0.25418207
0.5372996,-0.014338024,0.23591948
0.56536907,0.20238666,0.07090355
-0.61148185,-0.11745282,0.041764334
0.68464786,0.089803785,-0.21352583
-0.2728694,-0.035171486,-0.18834066
-0.7504575,-0.10439554,0.24632245
-0.71023417,-0.11945584,-0.1316535
0.4851363,-0.0906969,-0.08070267
-0.3263742,-0.11466932,0.09859796
0.4338094,0.20072564,-0.17673492
0.19386922,-0.11173057,0.010686792
0.27567124,0.21663637,-0.13744855
0.19571494,0.059809428,0.25524607
0.23870148,0.110423066,0.2344314
0.6676487,-0.10716067,-0.16550927
0.5000495,-0.04171772,-0.18355884
0.14453751,-0.021466594,-0.1288913
-0.6641121,-0.08977776,-0.24161488
0.6298553,0.0728837,0.24993762
0.22989215,0.22261414,-0.073271796
0.5743699,0.11018954,0.15680055
-0.16819012,0.16613509,0.13796738
-0.02286004,-0.116203725,-0.14855306
0.8217212,-0.11133348,0.13230619
-0.071420945,-0.11184811,0.01428801
-0.62228835,-0.12180571,0.20843232
-0.86592084,0.024986252,0.23359403
-0.3907842,-0.118103065,0.2026617
0.91674894,0.005986279,-0.10797401
-0.9395105,-0.005015037,0.005143641
0.6078251,-0.17249683,0.2072647
-0.476261,-0.11687322,0.09931024
-0.038022652,0.21949923,-0.11785813
-0.32984287,-0.118327014,-0.21155506
-0.6587226,-0.0875976,0.24986239
0.9346011,-0.041982897,0.18550909
0.39576685,-0.0074916366,-0.27425516
-0.5374564,-0.1163713,0.03643144
0.5580009,0.06547257,0.11888602
-0.27999228,-0.018784417,0.20932049
0.4058034,0.22390485,-0.03742406
-0.97197396,-0.09073422,0.12389159
0.1903029,-0.11554029,0.12744717
-0.86502093,0.061714727,-0.046982232
0.800887,0.09185173,-0.052428566
0.03397562,0.11411643,-0.23335858
0.89155495,-0.10453585,0.14619242
-0.73301184,-0.1289079,0.19211999
-0.5041859,-0.027664397,-0.26805168
0.3226687,-0.0906969,0.034776464
-0.06300811,0.21109438,-0.16699736
-0.08431731,0.22173771,-0.08608618
0.21461259,-0.112334885,-0.029979017
0.90733474,0.023458688,0.039674755
-0.29307148,-0.11817811,0.2069706
-0.7397663,-0.119237944,0.046710305
-0.19592059,-0.11761854,-0.19191676
0.79620874,0.09059229,0.1455544
-0.8203939,-0.06710925,-0.19462426
0.51663923,0.0867504,-0.19042379
0.82962286,-0.030099766,-0.25301835
-0.046483465,0.0011707486,0.21266502
0.7465839,0.001986414,0.26422057
-0.43140525,0.1636592,0.10880158
0.34736434,-0.019234946,-0.15495585
0.74392134,0.08985556,-0.18835044
-0.5967426,-0.11796071,-0.0763323
0.66989785,-0.015764756,0.26787582
-0.567269,0.08406637,0.17560248
0.466947,0.14289138,-0.21898185
-0.40517363,-0.0064461622,0.26523966
-0.59550756,-0.022675632,0.267314
0.3049357,0.21692754,0.13387048
0.5822569,0.19186452,-0.117301196
0.3694776,-0.0245739,0.08936779
-0.003310082,-0.044094756,0.10334656
-0.76297194,-0.1374333,-0.19289091
0.494654,-0.118264094,-0.10372176
0.29158783,0.15780061,-0.21077047
0.3893494,-0.082184695,0.20122246
-0.31269705,-0.082784615,0.21516635
-0.32454315,0.07576218,-0.24676017
-0.07643453,0.012903113,-0.09370524
0.4059177,-0.0906969,-0.17641737
0.019733723,-0.11900736,-0.23448026
-0.45951384,-0.115171246,0.027863927
0.5547395,0.103946984,0.08662444
-0.7790439,-0.0063772807,-0.19708943
-0.38274089,-0.022673579,0.06799762
-0.0952814,0.15456259,0.15755975
0.06895346,-0.11845462,-0.21754065
-0.29922512,-0.080784924,0.07514739
0.6656027,-0.11689062,0.27459028
0.45065814,0.21634227,-0.10614491
-0.10785308,0.076951295,0.083011605
0.80730736,-0.11255014,-0.19810656
0.56506324,0.10150723,-0.13275565
0.5804864,0.007852598,-0.27544132
-0.61189026,-0.039161287,-0.18742025
0.101082936,0.2250881,-0.03702942
-0.26903534,0.09697944,0.23882043
-0.24386485,0.22214906,-0.08006797
0.47339574,0.02181378,-0.08361564
-0.73237765,0.014093201,0.23291497
-0.4075929,0.07122267,0.24570297
-0.16881251,0.16469783,-0.20621435
0.65722716,-0.059380226,-0.27536413
0.1470779,-0.04338891,0.017131113
0.35401922,0.17693181,0.19716564
-0.12949097,0.22555125,0.023588039
-0.43254745,0.05347405,0.001312917
0.51811266,0.2023808,-0.15054727
0.18371248,0.22420289,0.0492256
0.024322867,-0.024122586,0.27194828
0.58478266,0.19814225,-0.028942043
0.25384915,-0.118869685,0.22286767
0.0050361212,0.22288871,-0.0692395
0.49043107,0.114578575,0.23253489
-0.83423615,-0.11952325,-0.20996048
-0.23658659,0.21234995,-0.16357954
-0.42454907,-0.037265953,-0.15982951
0.28058887,-0.11615067,-0.13079955
0.53788286,0.0366683,-0.15284243
0.123679824,-0.11622552,0.1484485
0.37077808,-0.0906969,0.121210486
-0.26127538,-0.08753165,0.25891992
-0.38935864,-0.063526675,-0.20880654
-0.20307963,0.0014052492,-0.06296157
-0.5193521,-0.11761677,0.107909516
0.109242514,0.11332987,0.23300095
-0.5947952,-0.08617957,0.16025454
0.077666275,0.21644291,0.13817647
-0.971758,-0.0042197914,0.04681016
-0.51750153,-0.11704733,-0.08240327
0.4589301,-0.045785233,0.27440172
-0.12245307,0.21043292,0.16892025
0.519719,0.08361789,0.04849347
0.66717577,0.12121783,0.02976464
-0.0036823493,-0.0906969,0.17450815
-0.03917404,-0.07462279,0.1692974
0.75571954,-0.11661507,-0.20149116
0.63359165,-0.08499692,-0.25649774
0.5299236,0.09704002,-0.11694359
-0.54110384,-0.0020048537,-0.2630754
-0.4665879,-0.11867084,0.21853432
0.70120937,-0.051326755,0.19939336
-0.8635905,-0.117868274,0.093242005
0.2715401,0.22629482,0.0007383264
0.6256421,0.16839704,0.051305115
-0.13027361,-0.11303135,-0.051325344
0.237358,0.22083685,0.098531514
0.036840905,0.21535933,-0.14642204
-0.66781133,-0.1382216,0.25944656
0.065894425,-0.028617539,-0.11112313
0.5320605,-0.013382444,0.16473639
0.58132285,-0.11748868,-0.009886717
0.55981535,-0.11890906,-0.08476986
0.07027311,-0.02788766,0.08185855
-0.5235467,0.05348773,-0.25151172
0.13958177,-0.114167206,0.08536529
-0.18911523,0.14388017,-0.15618208
0.026107598,0.010534775,-0.26752603
0.46394056,-0.117811315,0.25501454
-0.7107882,-0.11945584,0.07788487
-0.41479295,0.06743748,-0.1949379
-0.87705463,-0.11713009,0.043227803
-0.58324814,0.054461878,0.24919115
-0.109737374,0.10103042,-0.026638776
0.74894553,-0.10459926,-0.25605023
-0.31655067,0.13337074,0.22067803
0.50611025,-0.1368448,0.24991712
-0.4678923,0.07654679,-0.24212588
0.39195722,-0.11482341,0.03095765
0.33494177,0.20353375,0.17543052
-0.989996,-0.0845544,-0.03499143
0.57232976,-0.052097395,0.2072647
0.19575498,-0.11730567,-0.18232577
0.2666049,0.21674776,0.13606988
-0.022070594,0.020343274,0.17776573
0.42770365,-0.11945584,-0.24573229
0.30887818,-0.113621406,-0.039939452
-0.0444444,-0.056391917,-0.10008019
-0.6829013,0.017552352,-0.2624247
-0.59749496,0.08854628,0.026770772
-0.5226996,0.08052447,-0.12017088
-0.976787,-0.10485447,0.04602117
0.92549086,-0.010203421,-0.024168624
0.33439362,-0.11945584,-0.24099053
0.52082306,0.17708032,0.19644748
-0.7152671,0.016608685,-0.15740831
0.7089,-0.11908288,-0.109228574
0.36953524,0.21651036,-0.13694927
-0.8745015,-0.11589057,-0.20768975
-0.20769046,-0.033959225,0.16927981
-0.31981412,-0.042618096,0.12545589
-0.07563372,0.010877633,-0.012804713
0.09348712,-0.04389191,-0.26913822
0.09496837,-0.02467014,-0.1734236
0.12454648,-0.0906969,-0.041282542
0.005536777,0.06570511,-0.25374433
0.54779243,0.050953187,0.03666858
-0.0003725948,0.22181392,0.084204614
-0.07584633,-0.11724285,-0.18039994
-0.6596459,-0.08622608,-0.14889307
0.14726649,-0.025751278,-0.05639208
0.6669237,0.06755668,-0.25135633
0.5817937,-0.06462522,-0.20803563
0.72971755,-0.11869264,0.21170944
0.49411368,-0.060594805,-0.10689824
0.047750868,-0.0906969,0.088361494
-0.30579498,0.20284002,0.17350763
0.063536346,-0.0562652,-0.20054339
-0.50239974,0.117008574,0.08475637
0.1462943,-0.08047304,-0.13661022
-0.92377955,-0.10857333,0.20471844
-0.423232,-0.0917455,-0.1516973
0.1839597,-0.11400696,-0.081224725
-0.686627,-0.04000509,-0.14889307
-0.004970237,-0.014602718,-0.05432195
0.33439168,-0.101967014,0.25767902
0.51162094,-0.14672405,-0.23420277
0.8991987,0.05991104,0.06532238
-0.45251307,-0.116416335,-0.0946576
0.51576674,0.1676867,-0.20392604
-0.20943749,0.026247172,-0.26596466
0.5675636,0.0060292697,-0.20122735
0.78867054,-0.11496352,-0.061257344
0.27412352,0.22398694,0.05239094
0.7404664,-0.11769973,-0.16428792
-0.17758082,0.051319595,0.16393812
0.9232876,-0.028007645,0.22120273
0.8105073,-0.11265146,0.08524403
0.04079035,0.2199311,0.11177386
-0.27135882,-0.05402483,0.009253927
-0.26238242,-0.11306545,-0.051455494
0.66937906,-0.15065785,0.24046388
0.31169903,-0.11862112,-0.19632632
0.6641449,-0.10517065,-0.27536413
-0.4102945,0.013845804,-0.11420679
0.12843135,-0.08100154,0.26143003
-0.21907733,0.12438846,0.2273378
0.84962076,0.061477296,-0.2224192
-0.647068,-0.1565216,0.20041148
-0.6704592,0.050462697,-0.24937093
0.2825147,0.10776834,0.23594001
0.70379865,-0.119162805,0.08916036
0.42218414,-0.11787775,-0.13589011
-0.6257745,0.009288903,-0.2652641
0.15730207,0.22583558,0.014850318
0.61305636,0.1801513,-0.024825122
0.3954659,-0.0906969,-0.118748255
0.5139523,0.082144454,0.24938753
0.3175908,-0.020004883,-0.18866213
-0.4670774,-0.11332086,-0.2459199
0.5371373,-0.11178215,-0.27323216
0.9158471,0.008812578,0.1119087
-0.19009817,0.07612469,-0.21176025
0.09768465,-0.11237035,-0.031065136
0.56678486,0.0059194467,0.1914165
-0.6463019,0.0826672,-0.04791886
-0.41137904,-0.10369751,0.12585258
-0.6879499,-0.08280982,0.19211999
-0.11971285,-0.1180591,0.24803038
0.6403735,-0.17736855,0.2472966
-0.7740872,-0.15188242,-0.2581529
0.6084045,-0.021156665,0.27459028
-0.23768677,0.14652903,-0.2169329
0.6013236,0.090700746,-0.24329644
0.30695724,-0.052235957,0.10562217
-0.3018974,0.02591428,-0.2646622
-0.23665987,0.22227608,0.07743444
-0.6944944,-0.119206674,-0.07459495
-0.37231252,-0.11445446,-0.049209483
-0.85402,0.04719436,-0.13299502
0.47918293,-0.09895096,-0.18095882
-0.4332441,-0.037277386,-0.26602328
-0.48717883,0.08052447,0.12824546
-0.083996244,0.13823853,-0.1641218
-0.36472845,0.20788078,-0.011270016
-0.18327329,0.08087622,0.07333892
0.44795847,0.18277083,0.19269842
-0.049654573,0.06090766,0.014426071
0.62660164,-0.13100861,0.25610787
-0.5446731,-0.042093795,-0.26327476
0.16871433,-0.0074612503,-0.26931506
0.1629144,0.20385523,-0.17734168
-0.12661836,-0.11728525,-0.18170044
0.5942642,-0.119354606,0.11161948
0.07909671,-0.0906969,-0.053864185
0.4914707,-0.054134756,0.23789807
0.4570463,0.04780211,-0.26440036
0.4448289,-0.0906969,-0.00041553078
-0.057817966,0.20450401,0.17605291
0.4781248,-0.11857158,0.22134343
0.124784894,0.21835995,0.124950744
-0.81379277,-0.11945584,0.0130142905
-0.8328545,0.043231145,-0.22936818
0.33194116,0.22619024,0.003931702
-0.82417125,-0.117811605,-0.18255147
-0.72751576,-0.11945584,0.12001063
-0.7270594,0.07632401,-0.07343077
-0.2282394,-0.058878995,-0.21069328
-0.03715139,-0.08379892,-0.032278668
0.84866905,-0.10965974,0.024428032
0.40092778,0.16142753,-0.20848118
0.34976113,0.009299553,-0.2709497
0.8952258,-0.09321971,0.22886597
-0.40960467,-0.0654444,0.26133132
-0.74940914,0.075087026,0.042260494
-0.5293779,0.08052447,0.06269902
0.8957867,-0.06456679,-0.2342096
0.34571698,-0.11375761,0.018855363
0.7135635,0.092322685,-0.05953886
0.025493698,0.024463415,0.26536962
0.52512324,-0.1635038,0.23438059
0.3108226,0.22213735,0.07947556
-0.0033920598,-0.0446174,0.15059122
0.94389707,-0.062240146,0.1326081
-0.23614885,0.035560783,-0.09317811
-0.10130645,0.052226324,-0.1888546
0.31177524,-0.066670634,0.18202971
-0.9752901,-0.028130172,-0.13228275
-0.37760827,0.15937078,0.20419766
-0.40595627,-0.0233505,-0.10073874
-0.972951,-0.054232024,-0.16884503
0.88942593,0.070981346,-0.09074489
-0.37131688,0.15723392,-0.20673612
-0.19848053,-0.112543985,-0.036386598
0.046532642,-0.0906969,0.04547938
-0.07095527,-0.004487608,0.1851075
-0.114588566,0.11900084,-0.23084748
-0.25997978,-0.05901094,0.044407625
0.1104404,-0.11761883,0.19115366
-0.46923286,-0.11682339,0.1636704
0.6331734,0.15996875,0.09021423
0.82668674,-0.11150574,-0.04285183
0.43846127,-0.11615516,-0.054820355
-0.27488706,0.032073297,0.26376915
0.6747813,-0.13150038,-0.21755531
-0.062473647,0.22469923,-0.04272979
-0.7417723,-0.010926752,0.19762486
-0.90404254,-0.11474475,-0.04495206
-0.3312889,-0.05511104,0.026947722
-0.22128358,0.22581504,-0.016233966
0.19376564,0.07876573,-0.24842611
-0.48510745,0.08879543,-0.14035633
0.44871572,-0.0906969,0.11955238
-0.19920258,-0.00065658346,-0.16532657
0.5312231,0.004378302,-0.12187392
-0.18907027,0.009835478,0.08748066
0.10424768,-0.048477422,-0.20181458
0.111616805,0.08080978,-0.24757212
0.7148396,-0.090262584,-0.23064816
-0.5385732,-0.08697257,0.25363195
0.5463043,0.06457366,0.20196308
-0.4299172,0.067264535,0.035118442
0.5275024,0.21242225,0.0014621363
-0.056217115,-0.041853335,0.12419839
0.7360314,0.09162408,-0.11417845
-0.28730085,-0.051177233,0.11443444
0.79844135,-0.04980355,-0.25662866
-0.9063572,-0.025805702,0.23825178
-0.32088596,0.2127271,0.10232844
-0.09075948,-0.11496626,-0.11062677
-0.5506079,-0.11927468,0.23668747
0.32185772,-0.0906969,-0.10282676
-0.22316737,-0.058056217,-0.11190283
-0.6068602,-0.11739253,-0.04255538
-0.48168376,0.125175,-0.14953111
-0.5386612,-0.11912363,-0.2326111
0.5990333,-0.11930644,-0.12281387
0.0016170314,-0.11262732,-0.038939897
0.3932548,0.22057304,-0.093478166
0.26085186,-0.11419554,-0.077280454
0.5369439,0.14916715,-0.115964554
-0.07170645,0.0907701,0.056451973
-0.9418144,0.041550174,0.07222622
-0.94991446,-0.009186967,0.16638961
-0.03715139,-0.06724917,0.037548825
0.24766132,-0.05322195,0.26745957
0.6628727,0.12150899,0.11510667
0.021394564,-0.0906969,0.13042727
0.342732,-0.04310048,0.2716376
-0.55084527,0.08014732,0.23130085
-0.97700584,-0.08880254,-0.103400305
-0.79379094,-0.08356188,-0.26021945
0.5718432,0.020711923,0.2749645
-0.124161005,0.22150321,0.08875028
0.51609206,-0.022821605,-0.23621653
0.31153587,-0.0697072,0.26628315
-0.6264028,-0.11891541,-0.1036006
0.08589425,-0.0906969,0.09743425
-0.23236169,-0.0883568,-0.09122346
-0.47366878,-0.11497515,-0.010235192
0.074097686,0.10895256,-0.23581788
-0.74252266,-0.17770368,0.25168857
0.46102202,0.0126659805,0.18643242
-0.33326945,-0.04505702,-0.009881842
0.53239757,-0.11896055,-0.106309064
-0.14479788,0.21777567,-0.12975308
0.48069942,0.02349826,0.21459474
-0.65266955,0.0012389494,-0.23869245
-0.26924834,-0.032094568,0.17067215
-0.048434004,0.044140022,0.26128736
0.8180933,-0.111570224,0.16693579
0.5092623,-0.0421831,-3.494319e-05
-0.8419717,0.045837205,0.21943423
0.3447331,0.22363226,-0.058351222
-0.23160544,-0.05402483,-0.049685318
-0.10034921,0.024736313,0.26534224
-0.085896365,0.22615215,0.0051000533
0.13243541,-0.017155627,-0.17133266
0.47896996,0.029360436,0.028566545
-0.8220334,-0.07334379,0.1954958
-0.24099322,-0.07386379,0.07114186
0.23553479,-0.1191208,-0.23759617
-0.4126092,-0.10369751,0.16770868
-0.8403624,-0.11973811,-0.06852241
-0.65137887,-0.1627534,-0.24928495
-0.18707216,0.10854317,0.14420505
0.64557546,-0.119047806,0.16324832
-0.4811161,0.08052447,-0.1906749
0.2670055,-0.11291752,0.035052784
0.17020632,0.13145956,0.2237959
0.76299095,0.06894804,0.2366005
-0.04555759,-0.11802539,0.20361239
0.501729,0.2015581,0.16478817
0.12571898,-0.016726298,0.012988593
-0.108568884,0.13095343,-0.09454397
-0.3288677,0.20998052,-0.11410126
0.56617516,0.18322617,0.18166526
-0.175612,-0.11477534,0.10400413
0.41574714,-0.116063125,0.06623653
0.86353236,-0.10686374,-0.20865315
0.9476657,-0.041103918,0.056933574
0.062117826,-0.11574567,-0.13451242
0.45831844,-0.01445469,0.11142992
0.369844,0.21256001,0.15597591
0.49672246,0.09068021,-0.24589643
-0.71957695,-0.12276902,-0.24903676
-0.71130896,0.07638068,0.10269289
0.46417114,0.11095166,-0.23519547
0.4202749,0.20096989,0.1760363
-0.66963553,0.07070386,-0.16692309
0.42992064,-0.04049178,-0.13875589
0.20935689,-0.07315483,0.2632132
-0.036946006,-0.116908394,-0.17014942
-0.6185539,-0.10204595,0.14812118
0.6196995,0.17291896,-0.060458686
-0.045882266,0.055960715,0.0560757
-0.43078873,-0.11441529,0.009586895
-0.32695362,-0.029818563,-0.20335151
0.107023574,0.11969163,-0.23049866
-0.9062771,0.032217316,-0.2087704
-0.16873728,-0.1119167,0.016389705
-0.59516066,0.085414745,-0.12069459
0.5064024,0.06562402,0.11962077
0.4926647,-0.11922925,0.14490756
-0.16930985,0.07852634,-0.24852674
-0.31922296,-0.06847628,-0.26326987
-0.45340222,0.15489186,0.05032833
-0.03715139,-0.08021186,0.0061753867
-0.7792657,-0.1192443,-0.022819571
-0.06503662,-0.028988339,-0.07737455
-0.7357965,-0.102206,0.14812118
-0.19690938,-0.11850064,0.2181777
-0.2955122,-0.05145913,-0.1053144
0.5341788,-0.17023684,-0.24289975
-0.40974244,0.0072838417,-0.14723985
-0.94970727,-0.031186182,-0.219359
0.22054444,-0.006209125,-0.26918998
-0.08907617,0.15244429,-0.21399191
-0.6560855,0.08141068,0.042287365
0.6586908,0.13080493,-0.05685268
-0.41748577,0.0015813184,-0.000116702184
0.65742546,0.12974188,-0.09612117
0.5941812,-0.157144,-0.20803563
0.4264051,-0.0906969,0.19005933
0.67078215,0.02126114,0.26965994
0.1991093,0.22160581,0.08726307
0.45633203,0.0043807444,-0.18631323
-0.60177845,0.033955835,-0.2598677
-0.95311534,-0.02507905,0.06270537
0.4312602,-0.11945584,0.24838015
-0.39398414,-0.053032875,0.21504812
-0.019482352,-0.0906969,0.08862051
-0.8315736,0.06684146,-0.04932556
-0.23200408,-0.02385643,-0.27229416
0.41117343,-0.026449597,-0.1923672
-0.18269777,0.110312656,-0.11338409
-0.3429943,-0.11332105,0.012342353
-0.7454959,-0.08447144,-0.19289091
-0.6709429,-0.13715014,-0.19289091
0.06654653,-0.07997356,-0.2624335
0.28551725,-0.0255202,0.2736699
-0.52567774,-0.05583813,0.26060635
0.6054996,-0.014016566,-0.27536413
0.32455736,0.16731931,-0.20454845
-0.3559924,-0.08838835,0.044407625
0.11554467,-0.11868746,0.22390534
-0.44842595,0.08052447,0.1376723
-0.9968904,-0.07256086,0.030732436
0.20948684,0.033149354,0.26450586
0.16192852,0.17352082,-0.20042224
-0.54691845,0.087611206,0.017891085
0.029662503,-0.11800839,0.20309259
0.70183074,-0.119333215,0.041737758
0.5555758,0.06190233,-0.12512466
0.024195652,-0.11669441,-0.16359223
0.30695724,-0.087387726,0.08655137
0.31043762,-0.1163368,0.12562004
-0.49085265,0.035777885,0.2590655
0.6213498,-0.13055858,0.2072647
0.28170663,0.18756828,-0.19028309
0.028943764,-0.11788909,-0.20020826
-0.36550522,0.07606215,-0.24533364
0.52245384,0.087313205,0.09035278
-0.5990739,-0.06940734,-0.19093676
0.14140499,-0.1139879,-0.080640726
-0.74420327,-0.13662945,0.24966015
0.6734828,-0.04985945,-0.16550927
-0.5368125,0.09394366,-0.04694471
0.5803154,0.18493895,-0.16126387
-0.17886665,0.004477085,-0.2681289
-0.24346326,0.22452433,-0.045292668
0.5649362,0.13094366,0.22362003
-0.041428648,0.054834142,-0.257936
-0.23600912,-0.034302864,0.22351646
-0.8029227,-0.030560948,0.1712838
0.68176645,-0.06553215,0.22188865
-0.11773427,0.21661879,0.13696001
-0.71416,-0.11885562,-0.045240883
0.6646236,-0.05291763,0.16473639
0.09192087,-0.0068459837,-0.2692535
-0.057753183,0.07844036,0.17859626
0.6462233,-0.024006607,-0.26920658
-0.07352186,-0.010347248,0.098168045
0.8247189,-0.111046605,-0.12843695
-0.13668129,0.17038833,-0.20247899
-0.7475703,0.0096317595,0.14812118
0.5500612,0.19859855,0.13873927
0.5434307,-0.06556224,0.16473639
0.58590233,-0.14670753,0.2645303
-0.6653716,-0.11763447,0.01645595
0.36378512,-0.022863524,-0.08273402
0.2950154,0.031875733,0.26630077
-0.6479288,0.06881223,-0.23438352
-0.43877047,0.10849626,-0.17548133
0.060841277,0.21081886,-0.16811807
-0.47322813,-0.0026546123,-0.26438275
0.72203285,0.092405744,0.012383684
-0.44428608,-0.010038391,0.2648713
-0.006895472,0.02535158,-0.26605356
0.60468477,-0.009216181,-0.21068254
-0.38993806,-0.11706863,-0.17170101
-0.40206456,-0.11511233,0.06133697
0.41727528,-0.0906969,0.110782124
-0.0721391,-0.015197561,0.06258353
0.65531105,0.11303772,0.19449624
-0.0778297,0.0985926,-0.01455642
0.005080579,-0.022297598,-0.20451717
-0.0064466028,-0.11321631,0.056221575
-0.11975184,-0.03469487,0.26971665
0.60651875,-0.11794546,0.010503101
0.91869426,-0.10270402,0.015791051
-0.87141794,-0.11720093,-0.08095965
0.13444722,0.038819242,-0.26411113
-0.95824987,-0.10805294,0.006419764
0.6491731,0.12902665,-0.16102448
-0.14832024,0.036493696,-0.26494655
-0.52904373,0.08052447,-0.08834734
0.65835273,-0.118801095,-0.010592998
0.46728316,-0.11713293,-0.07553549
-0.97938794,-0.012369507,-0.0013842103
0.86966157,0.027329678,-0.23229551
0.38569027,-0.03184678,0.21563533
0.33684903,-0.045580138,-0.20076714
-0.16232373,0.10006896,0.09733753
0.21953805,0.19530286,0.18339859
0.10219388,0.017480535,0.26606333
-0.9847511,-0.101288915,-0.065895736
0.629313,-0.10074996,-0.16550927
-0.14250565,-0.11405865,0.082038924
0.22808357,0.05687624,-0.25714847
0.24206655,-0.11393387,0.07483433
0.16514996,0.22000241,-0.11151885
0.6064054,-0.17866316,-0.27139035
-0.17488994,0.013339188,0.26647565
0.4786182,-0.10942466,0.18903047
-0.5486821,-0.118454136,-0.15994579
0.5077733,-0.030537594,0.21421467
-0.33690906,-0.10369751,0.20703314
0.34466466,-0.114295006,-0.042951196
0.30683511,0.18030079,0.19494082
-0.296416,-0.119283676,-0.24160218
0.70451385,-0.057058856,0.26824123
0.88387316,0.07916047,0.04484672
-0.10797853,0.07678226,0.02302612
-0.47916877,0.13135892,0.117919676
-0.27518216,-0.07560514,-0.051219042
0.16452266,0.07143666,0.2507193
0.37402785,-0.0487477,-0.20090784
-0.02950283,-0.10873523,0.25187615
0.56900966,0.08894688,-0.09771801
-0.6551318,0.0023919025,-0.2004838
0.037035733,0.14006664,0.21945767
0.46386042,-0.0050083944,0.006958076
-0.43260413,0.054200996,0.110283814
0.5890173,0.1475716,-0.21185991
0.33531207,-0.0906969,0.16770965
-0.7812687,-0.008368467,0.25593203
0.56034005,0.07251144,-0.02657849
0.0428813,-0.03554053,0.15406181
0.008143523,-0.053359702,-0.19839187
0.54959416,-0.08838347,0.2640916
-0.17346145,0.07757369,0.2481535
-0.01798959,0.018977612,-0.02214187
-0.40950307,0.076841846,-0.11860755
0.7164009,-0.11682935,0.17121637
0.07532813,0.02059458,-0.2665265
-0.5797815,-0.11674395,0.027638223
0.012091996,0.22627819,0.0012325327
0.7705233,-0.11648102,-0.0006525193
-0.432396,0.1647408,-0.088373914
0.56668127,0.08047757,0.16457616
0.80373126,-0.113760054,0.019290457
-0.24095707,0.02978498,-0.18299995
-0.030240856,0.21959497,0.11642768
0.42911842,0.0853014,-0.24785744
0.7751048,0.09125571,0.121684365
0.5776725,-0.119281225,0.14438385
0.5645346,-0.18599613,0.23895136
-0.5449467,-0.117249206,0.074010074
0.14698313,-0.112764895,-0.043158438
-0.28490603,-0.08207643,0.044407625
0.1030322,0.22550434,0.025016332
0.63379294,-0.119385876,-0.07550696
-0.53081816,0.086742595,-0.1665821
-0.41277727,0.098594554,-0.19176531
0.4824073,0.20992091,-0.13438834
0.33733365,0.10559337,0.23714767
0.85937494,0.088313736,-0.074278966
-0.37518513,-0.028237162,-0.10413702
-0.2539854,-0.10369751,0.1864676
0.39075834,0.22593525,0.005509215
0.46535924,0.00606347,-0.13532145
-0.00027205347,0.18275912,-0.19412106
-0.18954025,0.14077796,-0.1114016
-0.96798354,0.008023878,-0.04067402
-0.60613424,-0.0485717,0.25342578
0.6011712,0.1895664,0.039041214
-0.21808365,-0.050529175,0.26735795
-0.7920713,-0.11945584,0.12937494
0.80649346,-0.09878154,-0.24674942
-0.67158484,0.010095774,0.21969901
-0.3400797,0.21541014,0.013670008
0.31790543,-0.024542633,0.27460593
-0.41351983,0.05226638,-0.15400222
0.393118,-0.11525615,-0.25474095
0.5748741,0.14328808,0.13483974
0.120974295,-0.029697113,-0.2727993
0.29485127,0.116796546,-0.23199262
0.5118946,0.040871985,0.26680297
-0.38222206,-0.071097,0.044407625
-0.064156376,-0.11427184,-0.08934376
-0.077903956,0.018705493,-0.15047887
0.08439247,-0.0906969,0.048603296
0.6087494,-0.18813106,0.25242528
-0.18925592,0.089880966,0.2154663
-0.0065380572,-0.05066244,-0.2681455
0.5057702,-0.10766845,0.21264255
0.7128112,-0.08095503,0.21989638
-0.9544393,0.03444818,0.040449675
-0.42318997,-0.09132575,-0.120750286
-0.35536706,-0.11576511,-0.13240291
-0.3888838,0.1712462,-0.18551104
0.4330434,0.22331959,-0.0051553813
0.62083876,-0.023944661,-0.16550927
-0.25044352,0.2203278,0.10596708
0.14495374,-0.056723967,0.16931596
0.09208892,0.22189112,-0.08384046
-0.012137693,0.22557764,0.022767488
0.5473488,-0.11676652,-0.0035551712
0.36603436,-0.11737437,-0.13946134
0.56970143,0.09331247,0.13056014
0.013036048,-0.04126103,-0.09307952
0.04050446,0.22583067,0.015001571
0.5010607,0.03454306,-0.27011335
0.47051236,-0.118233316,0.118716
-0.23144226,-0.07087765,-0.14418258
0.3856404,0.062186655,-0.25672346
-0.6913658,-0.1523993,-0.26021945
0.19481406,-0.11503426,-0.1127099
0.53267115,-0.09433222,0.16473639
0.36887473,-0.109394565,0.25565645
0.52495223,0.1090786,-0.2362312
-0.6765836,-0.17337717,0.1974519
-0.8121942,0.06685514,-0.09277418
0.81628376,0.09022294,-0.116578154
-0.045407996,0.15192154,0.21348381
-0.65384984,0.0017916829,0.16360006
0.376152,0.024820542,-0.27010354
-0.7414557,-0.0014830921,-0.23750822
0.33932984,0.13463897,0.2222609
0.16196565,0.21804729,0.12710617
0.34880748,-0.08751876,0.20249364
-0.34906587,-0.03804439,-0.17414957
-0.081813835,0.14093037,-0.10558016
0.40504128,0.18611832,-0.19100906
0.16887166,-0.11243767,0.032357804
0.31009367,-0.0906969,-0.16696903
-0.67934185,0.06932129,-0.21985924
-0.18515904,0.12191742,-0.22937697
0.006770534,-0.076811545,0.19957803
0.71685624,0.089770555,-0.20235978
-0.37255484,-0.114722185,-0.09991898
0.124602176,-0.016839152,-0.10372274
0.45734236,-0.039006032,-0.063700534
-0.42691267,-0.118379,-0.21115837
-0.4882722,0.13280012,-0.0016841147
0.7583909,0.09194358,0.06965807
-0.30220324,-0.10369751,0.16093653
-0.08634709,0.10563147,0.08818367
0.62925243,-0.07697423,0.16473639
-0.17437795,0.11368944,-0.14573222
-0.2237253,0.06838134,-0.07716956
-0.11683858,0.091332905,0.14044623
-0.43244192,0.071694605,0.22271134
-0.718681,-0.1180677,0.0036349925
-0.37987804,-0.059994437,0.2629826
0.05399058,-0.0906969,0.11797635
-0.36399856,-0.029748606,-0.22230586
0.6930488,0.066421315,0.24893223
-0.020255808,-0.0906969,-0.09117979
-0.34720162,-0.035962533,0.13637768
0.8197661,0.08818281,0.18274102
-0.9083573,-0.056354363,0.23415878
0.87361974,-0.10636064,-0.14172426
-0.08766224,-0.11266318,-0.040039796
0.93289614,-0.10104875,-0.060615994
-0.07063508,-0.018684754,-0.00941984
-0.93503934,-0.033950042,0.22880441
0.61414284,0.15460947,0.19847101
-0.7600495,0.07444508,-0.02658836
-0.09486878,0.16099371,0.2078744
-0.9309152,-0.111014076,-0.063161574
0.9268598,-0.018728334,0.16805163
-0.19200836,-0.1161111,0.14494275
0.6243954,0.15806933,0.15373155
0.053893264,-0.11331675,-0.06007264
0.02384576,-0.0906969,-0.09558026
-0.20163941,0.22585902,0.014108227
-0.6499474,-0.020071035,0.23237953
0.74996364,-0.11716908,0.23381682
0.013947661,-0.018348737,-0.2704084
-0.054931287,0.068109706,-0.13130176
-0.09753161,-0.112330586,0.02907658
-0.9395105,-0.025599051,-0.0598782
-0.779084,-0.077176966,0.14812118
0.5833141,-0.12830319,-0.26127174
-0.19764218,0.2215413,-0.08896563
-0.78635246,-0.11849722,0.19211999
0.2957326,0.2128023,-0.15933414
-0.4124255,-0.09272541,0.044407625
0.06982766,-0.11460249,0.24945594
0.7807328,-0.115503944,0.072535954
-0.6747203,-0.11945584,0.12714623
-0.69050014,-0.1013834,-0.25092253
-0.19577987,0.04735363,0.26004842
-0.9252217,-0.11057683,-0.12311678
-0.15263502,-0.037621804,0.26928672
0.26503572,0.030690245,-0.26634377
-0.42846423,0.051484723,0.253758
-0.35626596,-0.10369751,0.12565228
-0.2523869,-0.11502205,-0.111710355
0.17170028,-0.07606769,0.26255074
-0.21150595,-0.11679173,-0.16657428
0.583616,-0.18453933,-0.21817575
-0.29786307,-0.11432637,-0.089426324
0.69359404,-0.118971884,-0.15185656
-0.41901296,0.009655695,0.028435813
-0.9354683,0.0516772,-0.02168323
0.49674204,-0.04650453,0.18463264
-0.69607824,-0.11135751,0.19211999
-0.08294158,-0.11840939,0.24788576
0.8467911,-0.004020176,-0.2468481
0.33576348,-0.017552126,-0.01701006
-0.41106638,0.16501342,0.16058967
0.098242566,-0.116121754,-0.14604099
0.1647259,0.037704006,0.26376817
0.91142285,0.031388756,-0.091037914
0.70938265,-0.071079604,-0.20819294
-0.18455814,0.15425089,0.17804712
0.117063046,0.22631042,-0.0010031214
-0.09847801,0.10498464,0.012340205
0.08717715,-0.11510344,0.11405827
-0.51140064,0.096757635,0.1892337
0.14869498,-0.11673682,0.16412084
0.75238675,-0.06740922,-0.26252535
0.531868,0.0058781155,0.106250435
-0.14912145,0.19269113,0.18548368
-0.7335277,-0.13708751,-0.19289091
0.84614915,-0.038890738,0.24751252
-0.7025983,-0.0065157316,0.25395733
0.64013803,-0.119165055,0.13350604
-0.13729978,-0.115421675,-0.12458434
-0.7039838,0.06828558,-0.19722132
0.03533933,-0.03973083,0.09349233
-0.6133285,-0.11348657,-0.14889307
0.5548636,0.20242673,-0.095254205
-0.6225033,-0.08284324,-0.14889307
0.06616537,0.22094335,-0.09772035
-0.420887,-0.11537057,-0.06265935
-0.25593176,0.0036320095,0.18159491
0.44341406,-0.041569103,-0.020552848
0.15098427,0.0015642182,0.26764622
-0.5445568,0.083784,0.12619554
0.3853463,0.22362737,-0.05841698
0.81164163,0.09044669,0.11901889
-0.5204259,0.10584252,0.05098209
0.082698226,-0.114391245,-0.09300321
-0.2642242,0.19369946,0.18393403
-0.6558216,-0.035114232,0.14812118
-0.43254355,-0.041171238,-0.04428901
0.3585988,-0.11839893,0.17277579
0.5972394,-0.04631022,0.26375642
0.5917786,0.18617204,0.12548715
-0.08749066,0.19923949,0.18025532
0.9058613,0.028921537,-0.021140072
-0.7560435,-0.11945584,-0.08833795
-0.38998398,0.110393755,0.22969647
-0.32114488,0.21771117,-0.046974808
-0.43145704,-0.036986705,0.0030531718
-0.69651306,0.015389682,-0.1942725
-0.9222201,-0.109515816,0.16091211
0.6660883,0.10093856,-0.19408001
-0.9312307,-0.09516254,-0.21922219
-0.88655674,-0.11437795,0.22010352
0.84113973,0.08974515,-0.016797934
0.7742391,0.09190156,-0.06480737
-0.9395105,0.025075458,0.09815632
0.40939417,-0.11885454,-0.17032431
0.2308233,0.15480588,-0.21270803
0.04610527,-0.005311969,0.26832917
0.7153545,-0.09902913,-0.25829068
-0.22214438,-0.0045415442,0.26817772
0.12896875,-0.0906969,0.10486493
-0.0062556807,-0.115538724,0.12740126
0.6150838,-0.14837395,-0.27536413
0.12753634,-0.11695012,-0.17142743
0.27078387,-0.11436916,0.07848343
0.47884098,-0.10527823,-0.25247705
-0.4372609,0.08052447,0.16441494
0.009564001,0.21382238,-0.15592608
0.44675863,-0.11886695,-0.15801018
-0.62165225,-0.023711236,0.19668588
0.92892236,-0.101654835,-0.019067101
-0.24312519,-0.05402483,0.015290297
-0.25645447,-0.11735101,-0.18310547
-0.76553285,0.044542577,-0.2425304
-0.428346,-0.1185279,0.21493185
-0.71086144,0.01725639,-0.24239361